$ANSIBLE_VAULT;1.1;AES256
65313966666661616161333032663830636362356238303864626562623037383365333861356531
3636356538333739373462663333393961383039623538650a656635653138616665383161363962
65346436366461626165343636363265303264636533323933613464663534653739373137306136
6339653362613564390a303566333464386238366230376565653938383335633334643635633733
62356164333235333363653663333633333165653730633737303137393066396662326438343533
32343839313161353237316463613236306563356230353735383235316334316465663830326335
38643836623932333366386464323161346334386666353539313830636663343134626637356565
33343638323966386334333161336363643731623461633762366364613461633233303237313963
39363339623363353131623030333365623937323536343237396532346532663733376434336361
63303236666435386662643966626361353835313036626335363462653765386266373163396430
31396236303937363037616562303265663163386363323936326366386631653965376538656435
30636264663336313262376266653733326331613566613862653034313939336365613833623530
61313131616261313763396462376436656437643461666635323733326431336231363765623938
39393532353462376536613765343366343832353539653061306539363836373637313465366164
31643630636636613837663062303132393866623066306439396132303338333137323333613932
65626635333939666565306561363562383061623164303535313730383165376635396130363765
36336139383331383962383738376565613964323962363465313532313831356136663631303137
30643036343663356334333435383466613739633266613730343736613763316665316266356132
30646436383232626663343065393031326166316332353731386234396535326264653630326437
31663035623365373862643637366561363961323439613763623161303737323833396330623561
30323161373630663531646136626234313937326665366635623835313434323762306532643062
37636661356361616534376637373035316564663765303531653035316136613161346332366564
62643633343361386464323231356664646437356463663166333234376436336665363966326661
32353731373531393930616633643537386335633130623638646135633966306664383738373136
30356564306163363635363532666239363663343537343233343736343366633462386439636431
37376535383132353037366531616139366564353637663030636363386237663466633735656264
62323061313933336561386235306563366537663039333032623134343463306562373237336663
37363337356236343066303733346566383766393739376534616565326263623634313230626332
34396663333230323163633939663337323739396439366439643330613432663939303630303731
34393635323065626465363735336162316662633565343337303638323135363432626432396538
62316264353366303236316333376139376230303131646662656566636639353734373262636536
62636137653361666331343735336637323166373761313437643864666662626332643463393061
66313361383365613161343234316531313132323566336361616433323536633335633166326232
37393739386234343930323066366130303830326134363234613137396665323364623931633533
31626562316162333339393765396164346164386666643362313639363766393230353434613265
38333530666561663464323330353766393539356339383633376161643833633939313530366161
30663930373664613034626163353334363634303732343132656235316361353739363435633137
61346134633861363230353434616638363431376537376638346662326332316336623865623539
35313334323233326264333030613032623734376531343138396237643931623165343663303438
32346437326334663566613535386131363736613738653131393237383337636637663735646234
39653135636365343462393132303365386164663633633239353436306365303366323534633666
35383062373633623165633264383132666461643066613665383438393666636164656533613335
36326464356232316364633330363534636164613034616531643762373561373266343134396431
39336665653563626236376230653731633765353537343365356461643463623333313562656133
61323633306535623538613438326564633931653963303563346432613039386232386638346439
65316565623232316361643165353131323263666365356437636565396666613363653338626235
64366639616239346332623835653438666334386236313836303934616535316462333933623661
32306332326138663733666561343235336263383963643630386134643438646336383134363036
62363436363461333266663036653663383131633430326136636561353030383162636334636563
37363134333431623265333436613961643562363462343230366433346130373762333036306363
35306364636432623234333232386238663034396662333534656436336663383666643835373837
63663634396366396135666336393064323930646263373932663334386239613462333839376230
39316262666562323931383631633331656439383161633339646664373366323339666161353436
61613438376332633136323766393432326537393233323339323036626434343464376630386465
38313131636234336564633239366165663038343732346333343961323464346538636236653665
32376562383364623830326365326633613634343033346464393937393636623765653238666434
36303932353039653766653335396534393330343936303536303466323763323564316231616661
37383535323330323434313665323965306163376434343365336634393133663534366438343762
66643137633331306331316235663466363963356563353637313037646463323936383532393535
66646233633932356131373361386334353533336337633839646231613962376562356665646534
30393132363362353262366537303436343037353364306166323530306438393032353166633662
31316261343964663339656361646537386434346232636331643533323837353036323530376430
33646239653731353234373662306234643137393638343836323538613565306338396636323262
38633737306363636330386363666565333032653761366330633433343463383832346339353639
36663338613862393639636533393462653763653335303731636465386666363636666364303433
63653132616262396534666563623763386633346365336163616365333862303238653261633661
35363366663331366335396439363663633230616439343030356332343837343035653435386330
64383963623532313131613037393536313332326566633163393362656139303033393737353066
36356536313865343537626263656535303137626237626230323332333064646136636132613734
35396631656564306134306330366261323766376363316234623235393635386133663565613762
30346633646130633363313439643062316436623234613734663233333432663963333334626230
30313137343464386562303565303261636564626339636136353839636566646636613437313663
34643261393138643438313161396536633737663561666332346135363561376533306630363433
64633830343535356332393765653534626432323562356465623165623132393931363863616665
30316238313561343033633534646538653330356436653064643739626136643339343137383266
66643536633663666462396539383430383763363635373435373535363863363236336130623532
66393763653035363964623430353737396266366366376537653539353739333835396363323533
63623361346639623936393137363034336566386336303636306162323431313134646335363832
62383531623962316362323530363634393265613762323962336365623536336430383666303465
34643334616265356466313430376135663636313261656461363531666533393530636261646436
34666230653230376535363033316262626437326462623931636139323865393839396265333261
62613666363435373038636361393039353265623436653539386639616565343464626262626333
36366264346130393837346631613761326330623837326533366630363365326634323462666664
38353462303333623966613031346637313038393330363062316361396233326237303836343137
66636331306533393336366532653465353837306262303733616364326565653831633131643731
61373564316662376238333135646438313330346230313463623238393637323561303830626535
34386130653439623864353164636433636132313138303331383536366533643866336233343661
38393935626162316665346561663761376263323136373734623936373933626239313263393764
61643161333662666166613037626436633835333130333063326163663063363833303538333263
63316630383733626430616338653036363334663935396663326238306135616666373065303034
30306531623938636630623961306439633938386333383831663465356164313332326339343938
61366532656161393930326337356236646633393764366535346137663463323166313830646635
63633335636232646238373333373739386263323738363062666531326438366333323135303734
30666334653462626136623862336338663234663836323239656537333464303662633733393531
32666666363765313066646266333932633064313039346263366465303535643339316565633765
33363933613365323435623232373539643538623735373765333931636362393536633661303561
61643631343630663262366638386361646564376132663132316334623837366431626535363665
62333363663031616531333762353738613035333239643563343365303039373664646562303065
65353235623733363365396362663766613865363439326563626634316365613535633531313838
36663135663030353764646439666336383863356639323839666361393936383562316537643636
36353131313366383037666336626633663538326631616137626335663334366630636132633634
62646336666435353537383636353237383265653566383230363930616366316436386336303630
31306262343563333437303261646264663937636234613035376531393534306632383861336561
62663137313234356433373337306537636336303937633663393432306462316161663335326132
35323434323939323666626564303566643864363163343162623737333837363265353366316530
38393137643733643136356133336164316165343634343366376664396434346661356237313838
65396438306666666138623833303335623765353039353861626163303939613266376431626638
63396432396632623935643936373535356232323630336437313566316632376562396133626461
61313363623831333235316462363466313138656337386663646365663732333437363462343962
38383839306632643838643963373333653037396661636535633932626633366531623531333032
65383263393862326135633036383761616263383038633938346263343039626265616431353631
31316134336435303465343237333865666263323130363963363731333135356635356462336566
36363737383166653031373635396538333037326533313930653263613662633866333737643266
6563666535343261306430623537303033383763333936353462
