$ANSIBLE_VAULT;1.1;AES256
38346162323332616338376334646462326163323831643265666633613632653837633630666664
3034363262636135653538363130323034643333393738620a613365386535303530306263353733
36666436643931613566316639633839656636316630626138383633626332373863643735663162
6334343639373637620a653262316465356234663063346636303931323465353363323837373966
64323734386232663538386436393062313935333466613334333563653534633036323733316136
39326638306461353965643361366333333235616130303163306630303638383732303262356432
66373137616435376434613835313236623464316563343839313339363439376562383936343830
35343763343865323366303032323463653061666263366139653430373132363333643035633736
33393634306534646233313934383735316566316533396433306330313037316134396138353163
31376132323330353830353538356438323831396431343664383934313238373038333635353733
66643035366364616663636139666364386438353438666662643165363439653964316434316166
35386237303930326465613631323865393934353430666431396531333231333431633666616231
62646261313235633065373139616437326331323065346433393665333765653365343538303230
62393461316135333261616163326532313436663135356335316531313530666534353431626338
38316262326336636634363939326131366662663739616262316537353130393363636637363938
65336237396438656339396636623165393038363461656635663331653735666433663038623834
62396434326435653539373031383739616332306463393261353939626632633035376361613362
36353263313036643038376665656332623131613935613335613437656231613561326436363934
63326333623035656361333737336665323033663435343235316130336464353430363239333165
34313136336364373135373133663966353138623539313162373135633763613631643166643331
36373131653939656330653062396633363662363062393864363763663331663535653137663836
64396333666136623164353235613630623862653162373536336134386335303930663831333962
35616635313161386462363462323133663534643130353232323564393338643237303138386332
37353664313430386166386632353565373366613666623764626433646539343537653935323363
39333131376663363664373265623430613239376530373538653037333639386565636535316461
65336233366536326161366364356362303464663838343132386530373265393563353438626261
61376235343637356138363262303835666162653165633037376631626436343236326234613434
64383539366636616232383830376463343562323836626132373334333439346263386336386539
32346561363864633865623537376539613736613831653135666466356438356438653433366438
36663066363264383466376232326431383961373933636636393935303664626264313835346131
64653930346438653364333935383265396538383766383739623136663861363234356130626138
32383565643335336631353964383062643639343165303733636333373961343061333932623831
30623430333932373034356439323039656430653065653934653037396238316136633631616263
35373635336633323661386630613830363664343264303831306166363733633231353037623062
65656235333164613264643434623336373466643865653664383131303530316236383863653237
30343564613033363866343234383630316665383633643337643537633065306438333932366635
39303139396466623031663935333463616436616534316137393861343666633134316434336134
39636462663932303931396331393638633838386564633665363030333031636239613330336662
31636134323339323237376465346161663330613431383562336635313864303334373538376231
31623639663437393662316565346565333032653838363330326235663638333136613339306231
35333836663735653236323161333633376131396261316465343939313364386239336538363831
64353735343835393565616537353034366533623535366664373332366561666533333234313266
37386361373637663634613663396438383236666339623163396632636237653930353462643430
62363833656131666364643635633335656635386564613131363464623838666238396531643837
65376461396264353332646635376263313939353764363036653433616663656162626666316537
34343965663632653738373061636463656661666434313235373832366138633366346337653035
65356339626264646461376138343037626562663236646133363932343664626632373433366138
62613233303937613034333332326161343733346433656438626434626539353661343637643262
61353432306432366238636434306633663861636138663734383130613536343530663036363934
64366639336639356330636535313838386166343235373337346164366365386266353965386461
63313966656439616262643330336564303864363963383662393031373638363433636530396338
61306465306131656634343332326537346465373737386135643864363032623437643330343162
35303339633932383161356439333339326162663137656234666533323237663135383135623635
38323832353366303532326365613030646435663163623439313736356565306162303839333061
38363362616561316230383838343030303566623437373934656334653662646661613661333933
66643631353662653836346131383061376465323935363864323736356462313564303563346339
63393565396663343464616331333334643433343338316265353736633462616664643962346461
33643663353130323965393337643430663461663338383434653831363166613439363637326233
32336530306638333066343237346637633061623165376164666637376234633039353861646534
63623731636533666563623963666361386264366139353634623436303465363865363939306362
31663665396335343263346530383562383435386131666233303236613961373636383938333630
61626139613365356537333130613434396631373739633262643934626136336262656233643931
62353463356337646437633465663561316361323461346137646333653366653137363032373231
66646561303865396462636334323464336231656132633433346334643437396630633866613538
33343063313931376463323638363830353564306430653034366238393034336539613236313338
31306462356131306663333431323435633563306265383764353235663962623530313735316333
64623235333938336233363364383663363864313130363466663434373333626537643430313036
34613663666235616137373430366532643738353237653963376337646365633330663139376532
30633138613938613964343066356237313539643034323135663436626631626264353634383535
39636164393965306430633866353961336161633765343166333638333238306139323463343631
38363233316262353665636163303364333364613064326638306363373836383830393737313365
63643439663837666230356165653032343134313539396664366263663133323166306430306265
63393834376361636461363162326161303532653962623636613764313131303836336536376236
30313237623236643034616237653162333931333830653637306131373664306230666434666532
63396639616634653764393661346138313165353133343738616639356532336539643065323864
30353536353566613232376337313530663532646135303666616432386364323466336464636163
61353033333030366166303232643361636162346233376666373437646663363935633730306633
39346633623830363262353232366266366431313130623364613839626163346537393235643933
61396335613962663261383937663863643336386665323863663438336366383838306264633135
64613636346632363036633534316539353862346566376136653039333338643430663461356130
34316538653265643864313566353834343562396233656562623166313363393736313438623239
64373436346163366365376431666662316164343461333132313634353734386133643264316331
31623939613533653134303030343334656631396163383130393730666235626339656339653035
37613430373434356565646164386639616334663565636539613330396165626435663762633733
36326461373663393763613931653431363334663565656365663537366265616331376463656531
37623165316439663265346438356163323263343139336437633563633235663433663065633861
66356366323038396630663462376165663165643737303332366331353062353630343135623633
39646334393463643737626362646437653636356637323364373432336130303638383236383530
34343035313163353934336634333361616337393238396163636639376531626435643139386234
32333162333030323134353735613638366538666663363062383561613535346131623863356435
37323964613637626362333365366437323937303631633264623834353231343465376138343037
39333335353161663534386434323536633966333862313131646665636665363933613561383164
31626632646265346363356239336264663062393634626166616238653934366531346362646361
66613362333066363932313166636366356663343534313862316161646134633131666566353563
34646436333739636262373662343439616464333966383762303237346663333931636464333566
36373761656362393632326639313331323632623139336330373832386339323465313563366162
61333763353464383936353963613335313238376464396361616333663937376566393561333136
36613139303138363737313461346133646266323062656464333739636135376633343764366330
30633435393265653363306164636565656566343136333363396438613964363433623662326265
32383331396165373138613933316334316664306664626562343339616437356530393764636337
30306435636639636261333532666633306537363033376362633630373163303763336165656631
39383065636539363062663231373238353961393938623138353265393463316538633861323833
34313165643137643936663937326563343639316134653437653266313230333138636236383133
62393563396266613135646130303334303036336665353635666330623831353233353330333939
34373364343830343336636635396363363464323234313833396261343961626364353332336537
37633834613964393639613565373463336163396238326663336436336563373433653536633232
38356630396236636331633161653438313038323134383931666535646465653533323264303763
65333765376138303831303063313665663061353061363339613736356135333066333266376336
34373330623532343838393364643034623831653130646332383561356139393764636237613630
61393839653531353736383932626538363137356237306366636536613535656136323139303436
31336237386461616331646236356637633338626338643137373465353161623133313464323335
38393132333233643336343138313534656565633164306132323337306637613335346236306362
35643639636562633561653234333238636665376634643664623061346434363336346538346163
61383635393235353637396430313530396261366539623738643765666534613663346535356139
373636343662343032666361663137356231
